E       1 49
   1.00000000000000   0.00000000000000   0.00000000000000
   0.00000000000000   1.00000000000000   0.00000000000000
   0.00000000000000   0.00000000000000   1.00000000000000
C2x     2 55
   1.00000000000000   0.00000000000000   0.00000000000000
   0.00000000000000  -1.00000000000000   0.00000000000000
   0.00000000000000   0.00000000000000  -1.00000000000000
C2y     3 58
  -1.00000000000000   0.00000000000000   0.00000000000000
   0.00000000000000   1.00000000000000   0.00000000000000
   0.00000000000000   0.00000000000000  -1.00000000000000
C2z     4 52
  -1.00000000000000   0.00000000000000   0.00000000000000
   0.00000000000000  -1.00000000000000   0.00000000000000
   0.00000000000000   0.00000000000000   1.00000000000000
C31-    5  0
   0.00000000000000   0.00000000000000   1.00000000000000
   1.00000000000000   0.00000000000000   0.00000000000000
   0.00000000000000   1.00000000000000   0.00000000000000
C32-    6  0
   0.00000000000000   0.00000000000000  -1.00000000000000
   1.00000000000000   0.00000000000000   0.00000000000000
   0.00000000000000  -1.00000000000000   0.00000000000000
C33-    7  0
   0.00000000000000   0.00000000000000  -1.00000000000000
  -1.00000000000000   0.00000000000000   0.00000000000000
   0.00000000000000   1.00000000000000   0.00000000000000
C34-    8  0
   0.00000000000000   0.00000000000000   1.00000000000000
  -1.00000000000000   0.00000000000000   0.00000000000000
   0.00000000000000  -1.00000000000000   0.00000000000000
C31+    9  0
   0.00000000000000   1.00000000000000   0.00000000000000
   0.00000000000000   0.00000000000000   1.00000000000000
   1.00000000000000   0.00000000000000   0.00000000000000
C34+   10  0
   0.00000000000000  -1.00000000000000   0.00000000000000
   0.00000000000000   0.00000000000000  -1.00000000000000
   1.00000000000000   0.00000000000000   0.00000000000000
C32+   11  0
   0.00000000000000   1.00000000000000   0.00000000000000
   0.00000000000000   0.00000000000000  -1.00000000000000
  -1.00000000000000   0.00000000000000   0.00000000000000
C33+   12  0
   0.00000000000000  -1.00000000000000   0.00000000000000
   0.00000000000000   0.00000000000000   1.00000000000000
  -1.00000000000000   0.00000000000000   0.00000000000000
C2b    13  0
   0.00000000000000  -1.00000000000000   0.00000000000000
  -1.00000000000000   0.00000000000000   0.00000000000000
   0.00000000000000   0.00000000000000  -1.00000000000000
C4z+   14  0
   0.00000000000000   1.00000000000000   0.00000000000000
  -1.00000000000000   0.00000000000000   0.00000000000000
   0.00000000000000   0.00000000000000   1.00000000000000
C4z-   15  0
   0.00000000000000  -1.00000000000000   0.00000000000000
   1.00000000000000   0.00000000000000   0.00000000000000
   0.00000000000000   0.00000000000000   1.00000000000000
C2a    16  0
   0.00000000000000   1.00000000000000   0.00000000000000
   1.00000000000000   0.00000000000000   0.00000000000000
   0.00000000000000   0.00000000000000  -1.00000000000000
C2f    17  0
  -1.00000000000000   0.00000000000000   0.00000000000000
   0.00000000000000   0.00000000000000  -1.00000000000000
   0.00000000000000  -1.00000000000000   0.00000000000000
C2d    18  0
  -1.00000000000000   0.00000000000000   0.00000000000000
   0.00000000000000   0.00000000000000   1.00000000000000
   0.00000000000000   1.00000000000000   0.00000000000000
C4x+   19  0
   1.00000000000000   0.00000000000000   0.00000000000000
   0.00000000000000   0.00000000000000   1.00000000000000
   0.00000000000000  -1.00000000000000   0.00000000000000
C4x-   20  0
   1.00000000000000   0.00000000000000   0.00000000000000
   0.00000000000000   0.00000000000000  -1.00000000000000
   0.00000000000000   1.00000000000000   0.00000000000000
C2e    21  0
   0.00000000000000   0.00000000000000  -1.00000000000000
   0.00000000000000  -1.00000000000000   0.00000000000000
  -1.00000000000000   0.00000000000000   0.00000000000000
C4y-   22  0
   0.00000000000000   0.00000000000000   1.00000000000000
   0.00000000000000   1.00000000000000   0.00000000000000
  -1.00000000000000   0.00000000000000   0.00000000000000
C2c    23  0
   0.00000000000000   0.00000000000000   1.00000000000000
   0.00000000000000  -1.00000000000000   0.00000000000000
   1.00000000000000   0.00000000000000   0.00000000000000
C4y+   24  0
   0.00000000000000   0.00000000000000  -1.00000000000000
   0.00000000000000   1.00000000000000   0.00000000000000
   1.00000000000000   0.00000000000000   0.00000000000000
I      25 61
  -1.00000000000000   0.00000000000000   0.00000000000000
   0.00000000000000  -1.00000000000000   0.00000000000000
   0.00000000000000   0.00000000000000  -1.00000000000000
SGx    26 67
  -1.00000000000000   0.00000000000000   0.00000000000000
   0.00000000000000   1.00000000000000   0.00000000000000
   0.00000000000000   0.00000000000000   1.00000000000000
SGy    27 70
   1.00000000000000   0.00000000000000   0.00000000000000
   0.00000000000000  -1.00000000000000   0.00000000000000
   0.00000000000000   0.00000000000000   1.00000000000000
SGz    28 64
   1.00000000000000   0.00000000000000   0.00000000000000
   0.00000000000000   1.00000000000000   0.00000000000000
   0.00000000000000   0.00000000000000  -1.00000000000000
S61+   29  0
   0.00000000000000   0.00000000000000  -1.00000000000000
  -1.00000000000000   0.00000000000000   0.00000000000000
   0.00000000000000  -1.00000000000000   0.00000000000000
S62+   30  0
   0.00000000000000   0.00000000000000   1.00000000000000
  -1.00000000000000   0.00000000000000   0.00000000000000
   0.00000000000000   1.00000000000000   0.00000000000000
S63+   31  0
   0.00000000000000   0.00000000000000   1.00000000000000
   1.00000000000000   0.00000000000000   0.00000000000000
   0.00000000000000  -1.00000000000000   0.00000000000000
S64+   32  0
   0.00000000000000   0.00000000000000  -1.00000000000000
   1.00000000000000   0.00000000000000   0.00000000000000
   0.00000000000000   1.00000000000000   0.00000000000000
S61-   33  0
   0.00000000000000  -1.00000000000000   0.00000000000000
   0.00000000000000   0.00000000000000  -1.00000000000000
  -1.00000000000000   0.00000000000000   0.00000000000000
S64-   34  0
   0.00000000000000   1.00000000000000   0.00000000000000
   0.00000000000000   0.00000000000000   1.00000000000000
  -1.00000000000000   0.00000000000000   0.00000000000000
S62-   35  0
   0.00000000000000  -1.00000000000000   0.00000000000000
   0.00000000000000   0.00000000000000   1.00000000000000
   1.00000000000000   0.00000000000000   0.00000000000000
S63-   36  0
   0.00000000000000   1.00000000000000   0.00000000000000
   0.00000000000000   0.00000000000000  -1.00000000000000
   1.00000000000000   0.00000000000000   0.00000000000000
SGdb   37  0
   0.00000000000000   1.00000000000000   0.00000000000000
   1.00000000000000   0.00000000000000   0.00000000000000
   0.00000000000000   0.00000000000000   1.00000000000000
S4z-   38  0
   0.00000000000000  -1.00000000000000   0.00000000000000
   1.00000000000000   0.00000000000000   0.00000000000000
   0.00000000000000   0.00000000000000  -1.00000000000000
S4z+   39  0
   0.00000000000000   1.00000000000000   0.00000000000000
  -1.00000000000000   0.00000000000000   0.00000000000000
   0.00000000000000   0.00000000000000  -1.00000000000000
SGda   40  0
   0.00000000000000  -1.00000000000000   0.00000000000000
  -1.00000000000000   0.00000000000000   0.00000000000000
   0.00000000000000   0.00000000000000   1.00000000000000
SGdf   41  0
   1.00000000000000   0.00000000000000   0.00000000000000
   0.00000000000000   0.00000000000000   1.00000000000000
   0.00000000000000   1.00000000000000   0.00000000000000
SGdd   42  0
   1.00000000000000   0.00000000000000   0.00000000000000
   0.00000000000000   0.00000000000000  -1.00000000000000
   0.00000000000000  -1.00000000000000   0.00000000000000
S4x-   43  0
  -1.00000000000000   0.00000000000000   0.00000000000000
   0.00000000000000   0.00000000000000  -1.00000000000000
   0.00000000000000   1.00000000000000   0.00000000000000
S4x+   44  0
  -1.00000000000000   0.00000000000000   0.00000000000000
   0.00000000000000   0.00000000000000   1.00000000000000
   0.00000000000000  -1.00000000000000   0.00000000000000
SGde   45  0
   0.00000000000000   0.00000000000000   1.00000000000000
   0.00000000000000   1.00000000000000   0.00000000000000
   1.00000000000000   0.00000000000000   0.00000000000000
S4y+   46  0
   0.00000000000000   0.00000000000000  -1.00000000000000
   0.00000000000000  -1.00000000000000   0.00000000000000
   1.00000000000000   0.00000000000000   0.00000000000000
SGdc   47  0
   0.00000000000000   0.00000000000000  -1.00000000000000
   0.00000000000000   1.00000000000000   0.00000000000000
  -1.00000000000000   0.00000000000000   0.00000000000000
S4y-   48  0
   0.00000000000000   0.00000000000000   1.00000000000000
   0.00000000000000  -1.00000000000000   0.00000000000000
  -1.00000000000000   0.00000000000000   0.00000000000000
C6+     0 50
   0.50000000000000   0.86602540378444   0.00000000000000
  -0.86602540378444   0.50000000000000   0.00000000000000
   0.00000000000000   0.00000000000000   1.00000000000000
C3+     0 51
  -0.50000000000000   0.86602540378444   0.00000000000000
  -0.86602540378444  -0.50000000000000   0.00000000000000
   0.00000000000000   0.00000000000000   1.00000000000000
C3-     0 53
  -0.50000000000000  -0.86602540378444   0.00000000000000
   0.86602540378444  -0.50000000000000   0.00000000000000
   0.00000000000000   0.00000000000000   1.00000000000000
C6-     0 54
   0.50000000000000  -0.86602540378444   0.00000000000000
   0.86602540378444   0.50000000000000   0.00000000000000
   0.00000000000000   0.00000000000000   1.00000000000000
C21''   0 60
   0.50000000000000  -0.86602540378444   0.00000000000000
  -0.86602540378444  -0.50000000000000   0.00000000000000
   0.00000000000000   0.00000000000000  -1.00000000000000
C23''   0 56
   0.50000000000000   0.86602540378444   0.00000000000000
   0.86602540378444  -0.50000000000000   0.00000000000000
   0.00000000000000   0.00000000000000  -1.00000000000000
C21'    0 57
  -0.50000000000000   0.86602540378444   0.00000000000000
   0.86602540378444   0.50000000000000   0.00000000000000
   0.00000000000000   0.00000000000000  -1.00000000000000
C23'    0 59
  -0.50000000000000  -0.86602540378444   0.00000000000000
  -0.86602540378444   0.50000000000000   0.00000000000000
   0.00000000000000   0.00000000000000  -1.00000000000000
S3-     0 62
  -0.50000000000000  -0.86602540378444   0.00000000000000
   0.86602540378444  -0.50000000000000   0.00000000000000
   0.00000000000000   0.00000000000000  -1.00000000000000
S6-     0 63
   0.50000000000000  -0.86602540378444   0.00000000000000
   0.86602540378444   0.50000000000000   0.00000000000000
   0.00000000000000   0.00000000000000  -1.00000000000000
S6+     0 65
   0.50000000000000   0.86602540378444   0.00000000000000
  -0.86602540378444   0.50000000000000   0.00000000000000
   0.00000000000000   0.00000000000000  -1.00000000000000
S3+     0 66
  -0.50000000000000   0.86602540378444   0.00000000000000
  -0.86602540378444  -0.50000000000000   0.00000000000000
   0.00000000000000   0.00000000000000  -1.00000000000000
SGv1    0 72
  -0.50000000000000   0.86602540378444   0.00000000000000
   0.86602540378444   0.50000000000000   0.00000000000000
   0.00000000000000   0.00000000000000   1.00000000000000
SGv3    0 68
  -0.50000000000000  -0.86602540378444   0.00000000000000
  -0.86602540378444   0.50000000000000   0.00000000000000
   0.00000000000000   0.00000000000000   1.00000000000000
SGd1    0 69
   0.50000000000000  -0.86602540378444   0.00000000000000
  -0.86602540378444  -0.50000000000000   0.00000000000000
   0.00000000000000   0.00000000000000   1.00000000000000
SGd3    0 71
   0.50000000000000   0.86602540378444   0.00000000000000
   0.86602540378444  -0.50000000000000   0.00000000000000
   0.00000000000000   0.00000000000000   1.00000000000000
