%%%%%%%%%%%%%%%%%%%%%%%%%%%%%%%%%%%%%%%%%%%%%%%%%%%%%%%%%%%%%%%%%%%%%%%%%%%%%%%%%%%%%%%%%%%%%%%%%%%%%%%%%%%%%%%%%%%%%%%%%%%%%%%%%%%%%%%%%%%%%%%%%%%%%%%%%%%%%
elems={'Y','Sc','La','Zr','Hf','Ti','Nb','Ta','V','Mo','W','Cr','Re','Mn','Tc','Fe','Os','Ru','Co','Ir','Rh','Ni','Pt','Pd','Au','Ag','Cu','Hg','Cd','Zn'};
%      Y   Sc   La   Zr   Hf   Ti   Nb   Ta    V   Mo    W   Cr   Re   Mn   Tc   Fe   Os   Ru   Co   Ir   Rh   Ni   Pt   Pd   Au   Ag   Cu   Hg   Cd   Zn
%%%%%%%%% T DISORDER %%%%%%%%%%%%%%
T=[   0    0    0    0    0    0    0    0    0    0    0    0  230    0  191   80  331  377  198  874  862  497 1252 1065  943  368  308  525  376  458
      0    0    0   36   15    0    0    0    0   10    0    0  371  154  331  305  435  539  382 1032 1034  572 1294 1055  894  336  284  438  298  403
      0    0    0    0    0    0    0    0    0    0    0    0    0    0   54    0  199  328  138  795  791  443 1197 1014  894  334  249  542  419  486
      0   36    0    0   23    0    0    0    0  150  157   53  389  208  356  315  528  646  341  874  846  570 1270 1007  631  127  197  216  141  351
      0   15    0   23    0   11    0    0    0  185  186  130  429  291  481  385  709  818  406  986  972  671 1355 1085  616  133  204  131   96  253
      0    0    0    0   11    0    0    0    0  198  126  132  431  301  492  418  713  763  385  882  823  604 1065  798  467   65  147  122   77  244
      0    0    0    0    0    0    0    9   60  132   94   53  306  166  364  163  339  274  218  773  675  389  835  558  161    0   31    0    0  197
      0    0    0    0    0    0    9    0  132  195  123  143  421  253  500  234  407  347  294  847  752  453  887  649  103    0    0    0    0   93
      0    0    0    0    0    0   60  132    0  136  112   97  367  286  377  217  445  365  245  622  485  307  604  355   53    0    0    0    0   60
      0   10    0  150  185  198  132  195  136    0    7    0    2   74    0   10   64   69   63  408  305  123  398  173    0    0    0    0    0   51
      0    0    0  157  186  126   94  123  112    7    0    0    0   99    0   36   70   80  103  430  337  152  402  246    0    0    0    0    0    0
      0    0    0   53  130  132   53  143   97    0    0    0    0    0    0    0   28    0    0  281  159   33  322  102    0    0    0    0    0    0
    230  371    0  389  429  431  306  421  367    2    0    0    0  151    5   26   95   99   85  273  201  143  285   70    0    0    0    0    0    0
      0  154    0  208  291  301  166  253  286   74   99    0  151    0  102    0   42   21   23  209  187  142  446  290  120    0    0    0    0   31
    191  331   54  356  481  492  364  500  377    0    0    0    5  102    0    3   88   77   65  287  194  131  329   90    0    0    0    0    0  102
     80  305    0  315  385  418  163  234  217   10   36    0   26    0    3    0    0    0   66   77   68  119  251  163    0    0    0    0    0   28
    331  435  199  528  709  713  339  407  445   64   70   28   95   42   88    0    0   15    0   15    8    0    0    0    0    0    0    0    0    0
    377  539  328  646  818  763  274  347  365   69   80    0   99   21   77    0   15    0    0   64    8    0   32    0    0    0    0    0    0  223
    198  382  138  341  406  385  218  294  245   63  103    0   85   23   65   66    0    0    0    0    0   23  119   13    0    0    0    0    0   71
    874 1032  795  874  986  882  773  847  622  408  430  281  273  209  287   77   15   64    0    0   20   37    0    0    0    0    0    0    0  276
    862 1034  791  846  972  823  675  752  485  305  337  159  201  187  194   68    8    8    0   20    0    0   23    0    0    0    8    5  180  432
    497  572  443  570  671  604  389  453  307  123  152   33  143  142  131  119    0    0   23   37    0    0   99    8    0    0   12    0   20  255
   1252 1294 1197 1270 1355 1065  835  887  604  398  402  322  285  446  329  251    0   32  119    0   23   99    0   37    0   45  177   66  344  569
   1065 1055 1014 1007 1085  798  558  649  355  173  246  102   70  290   90  163    0    0   13    0    0    8   37    0   99   72  132  174  422  571
    943  894  894  631  616  467  161  103   53    0    0    0    0  120    0    0    0    0    0    0    0    0    0   99    0   86   69    0  191  221
    368  336  334  127  133   65    0    0    0    0    0    0    0    0    0    0    0    0    0    0    0    0   45   72   86    0    0    0   69   68
    308  284  249  197  204  147   31    0    0    0    0    0    0    0    0    0    0    0    0    0    8   12  177  132   69    0    0    0    0   93
    525  438  542  216  131  122    0    0    0    0    0    0    0    0    0    0    0    0    0    0    5    0   66  174    0    0    0    0    3    0
    376  298  419  141   96   77    0    0    0    0    0    0    0    0    0    0    0    0    0    0  180   20  344  422  191   69    0    3    0    0
    458  403  486  351  253  244  197   93   60   51    0    0    0   31  102   28    0  223   71  276  432  255  569  571  221   68   93    0    0    0
];
%%%%%%%%% X EXPERIMENTS %%%%%%%%%%%%%%
